 -4.90  -5286527.14
 -4.82  -4516520.61
 -4.79  -4254459.27
 -4.72  -3694610.61
 -4.58  -2766585.42
 -4.47  -2188793.38
 -4.39  -1838390.96
 -4.35  -1682557.37
 -3.95  -657085.42
 -3.94  -640927.79
 -3.73  -373273.27
 -3.70  -344514.82
 -3.55  -227964.30
 -3.51  -203458.12
 -3.49  -192096.76
 -3.32  -115854.12
 -3.26  -96151.96
 -3.23  -87449.49
 -3.21  -82035.51
 -2.83  -21730.98
 -2.67  -11438.49
 -2.64  -10068.58
 -2.63  -9645.49
 -2.61  -8843.22
 -2.58  -7744.63
 -2.56  -7076.67
 -2.53  -6166.74
 -2.44  -4000.53
 -2.38  -2936.94
 -2.31  -2001.16
 -2.21  -1087.28
 -2.01  -205.66
 -1.87  7.90
 -1.78  59.92
 -1.67  78.15
 -1.63  75.87
 -1.37  40.11
 -1.32  34.83
 -1.07  11.15
 -0.93  5.60
 -0.90  3.40
 -0.72  2.07
 -0.37  4.29
 -0.26  3.13
 -0.14  4.41
 -0.13  5.61
 -0.10  4.92
 0.02  5.37
 0.11  5.90
 0.16  6.70
 0.24  8.81
 0.25  7.32
 0.28  6.85
 0.30  7.42
 0.31  6.92
 0.32  7.55
 0.39  9.25
 0.47  9.33
 0.61  14.13
 0.62  14.52
 0.76  23.38
 0.86  32.98
 1.06  80.47
 1.13  112.86
 1.20  158.07
 1.36  348.16
 1.39  401.76
 1.44  510.84
 1.57  942.87
 1.62  1186.27
 1.71  1777.08
 1.76  2211.68
 1.81  2738.11
 1.83  2980.77
 1.95  4891.79
 1.96  5093.51
 2.01  6216.19
 2.02  6464.12
 2.05  7269.87
 2.19  12353.20
 2.26  15942.65
 2.37  23500.65
 2.77  85578.32
 2.79  90889.60
 3.03  181929.94
 3.07  203244.84
 3.18  273808.99
 3.42  508268.68
 3.52  649978.30
 3.84  1369469.95
 4.07  2258590.92
 4.18  2842314.99
 4.22  3085726.09
 4.34  3931087.49
 4.47  5073949.83
 4.58  6262495.83
 4.81  9577455.23
 4.85  10291309.21
 4.92  11655087.21
 5.00  13408578.27